0000000000000000
1111111111111110
1111111111110101
1111111111110011
0000000000001101
0000000001001100
0000000010001100
0000000001111111
1111111111011001
1111111010101100
1111110110100011
1111110111010001
0000000000000000
0000001111000111
0000011100011101
0000011100000111
0000000101110100
1111011101010110
1110110110010010
1110101110100110
1111100000100111
0001010010100101
0011101101101101
0110000011010001
0111011111000110
0111011111000110
0110000011010001
0011101101101101
0001010010100101
1111100000100111
1110101110100110
1110110110010010
1111011101010110
0000000101110100
0000011100000111
0000011100011101
0000001111000111
0000000000000000
1111110111010001
1111110110100011
1111111010101100
1111111111011001
0000000001111111
0000000010001100
0000000001001100
0000000000001101
1111111111110011
1111111111110101
1111111111111110
0000000000000000
