0100011010000010
0101100001110001
0101001010010100
0100001110100000
0011110001101110
0011110101010000
0100001011110111
0100111101101101
0101110001100100
0101100011001100
0100001001101101
0011000110100100
0011101010111101
0101000000111110
0101010111101101
0100011110000111
0011100001010011
0011001101001000
0011001000001111
0011000101011011
0011011001101001
0011110011100110
0011010111111111
0010000110111000
0001010101100111
0001110101111111
0010101001001011
0010100001101100
0001110011010010
0001011110011111
0001100010000100
0001010010101010
0000111100000110
0001001111010101
0001111101000100
0001111110101100
0001001010010010
0000100111101000
0000111101111000
0001011101111110
0001011101111101
0001011010000111
0001101100001110
0001101100001010
0000111011000111
0000010001101111
0000110011000011
0001111000111010
0010000010110111
0001000011001001
0000001000001001
0000000001000111
0000001111100011
0000010111100101
0000100101110100
0000101110110011
0000000001000100
1110100011110011
1101110100111111
1110101011011100
1111111000000011
1111101011110010
1110001110001100
1101000010100101
1100111010001101
1101010010111011
1101101100011101
1110000100000010
1101111111101011
1100111100110010
1011100101101001
1011011111001011
1100111011010001
1110001010100111
1101101101111111
1100010011000110
1011100101111110
1100000000011110
1100101110011110
1101010001001100
1101101010011101
1101100100000110
1100101001001011
1011101111000010
1100001000111001
1101100111011000
1110011001110110
1101101000100001
1100011101000111
1100001101111010
1100101101011010
1101000010000101
1101000111100100
1101010010100001
1101001010110101
1100010101011001
1011100000011010
1011101111011010
1100101010110111
1100111001100001
1100000110100111
1011011001001001
1011011011100001
1011100100100000
1011010011101010
1011001110001101
1011101110111001
1100000011101110
1011011101111011
1010101010100101
1010110001100010
1011100101001001
1100000000101111
1011111000110001
1011111001001110
1100000110010000
1011111001101110
1011100000100110
1011111100011000
1101001111011111
1101111111101110
1101010111100000
1100011001111100
1100011111100100
1101011101110110
1110010000000100
1110100001101111
1110100111010101
1110011001001101
1101101011101101
1101010001111011
1110001010010101
1111101011111010
0000000011001001
1110110010000111
1101011111010011
1101100110101110
1110101010011000
1111011001110110
1111011111010001
1111001101001111
1110100010111100
1101101011001001
1101100100000100
1110110010100010
0000001011010111
0000000001110111
1110100010000011
1101100110000010
1110001111010000
1111011111110001
0000001000111110
0000001010000011
1111111111001110
1111100110100001
1111001010110010
1111100010001111
0000111100101001
0010001000000110
0001110100011011
0000101100101100
0000011101110010
0001011100111011
0010011100010111
0010101100100001
0010101100110101
0010110101001101
0010101100010110
0010010001100100
0010011010111011
0011011001101011
0100001000001011
0011101101100010
0010111000000001
0010110010100011
0011010010011100
0011011011001011
0011001100110111
0011010110101010
0011110000001000
0011011110110111
0010100101001011
0010001111000110
0010111010111100
0011100111110000
0011011101011110
0010111011001110
0010110000100011
0010101111011000
0010100000010100
0010100101011011
0011011100101100
0100001110001110
0011101111111010
0010100010010010
0010001111101010
0011010100010110
0100011101110011
0100101001010011
0100001110100111
0011111000010011
0011100110011111
0011011110100101
0100000110111011
0101011001001010
0101111100110101
0100111000110011
0011011001001011
0011010100000001
0100101000100110
0101101011010011
0101011110001010
0100100111110010
0011111001010011
0011011000111010
0011010001110100
0011111101101000
0100111011100010
0100110001010110
0011001001100110
0001101100001000
0001111010011110
0011001011000101
0011101100111101
0011000001110101
0010000110011100
0001100011011000
0001001110111101
0001001110110111
0001111000100011
0010101000011001
0010010011011110
0000111101000010
0000001001001100
0000110010111011
0001111000100011
0010000011011100
0001011111010001
0001001010100000
0001001010011110
0000111110100001
0000110101011001
0001010101100100
0010000011100000
0001111010010000
0000111101011011
0000011100100000
0000110111100001
0001010100001000
0001000110101101
0000110011000101
0000111010001100
0000110101011000
0000000001111100
1111010001100110
1111100010010111
0000010010100001
0000001110100101
1111010000010111
1110011100110101
1110010010001110
1110001110001101
1110000011101111
1110001111100010
1110100110010000
1110001000101001
1100110001000000
1011111011100010
1100101000011101
1101110110110100
1101111111000100
1100111111110001
1100000111110000
1011111101001011
1100001010101000
1100100111101000
1101011001100101
1101110110010111
1101000101011011
1011101011000010
1011011000100111
1100110001100011
1110001111000000
1110001010110101
1101000000100000
1100001101010101
1100010000010011
1100101011111111
1101010010101101
1101111110001101
1110000000010000
1100110110101001
1011100000110010
1011100101110111
1101000000101110
1101111011001100
1101001111100011
1011111100000010
1011010111001000
1011100001010111
1011110001011110
1100000100000010
1100011100100111
1100010011001011
1011010000000011
1010010010111111
1010101001111111
1011110111100011
1100010110000000
1011101010101101
1010111111011100
1011000101100110
1011011010010111
1011011101111000
1011101101010001
1100011001001101
1100110000001010
1100001111011000
1011101100010011
1100000111110000
1101000110100000
1101100001000100
1101010110001010
1101011011001100
1101110010110011
1101101110011100
1101010100101000
1101100110010111
1110101011111000
1111010100101000
1110101111111010
1101111000101001
1101111000000000
1110011111010101
1110111000101110
1111000001101010
1111001110110010
1111000111011010
1110010001010110
1101100001110101
1110000101101010
1111100000111100
0000000010100100
1111000010001010
1101110101011000
1101110000010111
1110100001010011
1111001110100000
1111101010011110
1111110110111110
1111011011001001
1110011100011101
1110001010000100
1111011100010110
0001001100010011
0001100001000011
0000010101010010
1111011001100001
1111110110000001
0001000000100000
0001111000101100
0010010101110000
0010011011111001
0001111011001000
0001001001011101
0001010011101110
0010110011001011
0100001011011101
0011111011110110
0010100111101001
0010000000101110
0010101001010111
0011011111100101
0011110011010111
0011110101101000
0011101111111101
0011001011111011
0010011010101110
0010011110011001
0011100001010110
0100001110110101
0011101000100011
0010100100001001
0010010101110101
0010110110000001
0011000101001011
0010111101000011
0011000111000001
0011011011101010
0011001001110101
0010011011010100
0010010110101010
0011001100101111
0011111000011010
0011101100100110
0011010100001000
0011011100000101
0011101001111011
0011011110100001
0011011111010010
0100010011000101
0101001000110001
0100110110011001
0011110100000111
0011100000000111
0100010011100011
0101001001000011
0101001111001010
0100111110001111
0100101110011010
0100001111001111
0011101001111110
0011110111101001
0100111111100010
0101100110100111
0100100101111010
0010111011111011
0010011011111110
0011010001111101
0100000101111101
0100000001001001
0011011010010011
0010101010110111
0001110011111000
0001010100000011
0001111011001000
0011001010011010
0011010110101011
0001111000101010
0000010100000110
0000010101001100
0001100011011110
0010010111101010
0010001011000001
0001100100101010
0000111111111101
0000011101111010
0000011011100000
0001010111111000
0010100010000001
0010011011001010
0001000000100101
0000000000001001
0000100010011011
0001101100011000
0010000011010110
0001100110101111
0001001010000101
0000110101001111
0000010111001111
0000001010101101
0000101111111100
0001011011000001
0001000000101010
1111101110010110
1110111111110101
1111010110100100
1111110001000001
1111011101010101
1110111110010011
1110111000011100
1110101011101000
1101111001110110
1101010000101111
1101100011100110
1110001100100001
1110000010000010
1101001010101011
1100101001111101
1100101111100110
1100101111100111
1100100010110010
1100110010101001
1101011001100100
1101010011010111
1100010000000111
1011100011100010
1100001101111010
1101011001101101
1101101101100010
1101001000000110
1100100110010101
1100011100111110
1100011010010000
1100101010110001
1101100010101110
1110010001110001
1101101100111100
1100001100010001
1011100011111111
1100100101111101
1101111010111101
1110000000011000
1101000010110101
1100001010100010
1011110001111100
1011101111010100
1100001100011011
1101000100110011
1101010101110111
1100001010001011
1010100001001110
1010010010000100
1011100111100101
1100101111111110
1100011011001111
1011010101101010
1010101011111001
1010101000100100
1010111000010011
1011100001100001
1100011001111011
