0000000000000000
1111111111111111
1111111111111110
1111111111111011
1111111111111101
0000000000001000
0000000000011111
0000000000110100
0000000000101111
1111111111111000
1111111110010011
1111111100110101
1111111100111000
1111111111100001
0000000100011011
0000001001001000
0000001001101110
0000000011001101
1111110110001110
1111101000101110
1111100100110001
1111110100100000
0000011100111101
0001011010100010
0010100001011101
0011100010011110
0100010001001110
0100101001001100
0100101110011001
0100101001111001
0100100100100010
0100100010111111
0100100100111100
0100100111011001
0100100111100111
0100100100110111
0100100000000011
0100011010001110
0100010011011100
0100001010111100
0100000000001101
0011110011110011
0011100111000110
0011011011001110
0011010000001111
0011000101000101
0010111000101100
0010101011000001
0010011101010010
0010010001000011
0010000111000101
0001111110110101
0001110110111111
0001101110101100
0001100110010101
0001011111010000
0001011010100110
0001011000010111
0001010111010110
0001010110001000
0001010100001011
0001010010001100
0001010001011010
0001010010011001
0001010100011110
0001010110000011
0001010101111001
0001010011111111
0001010001011010
0001001111010000
0001001101100111
0001001011010101
0001000110111011
0000111111101110
0000110110011100
0000101100100010
0000100010111100
0000011001010100
0000001110010110
0000000000111110
1111110001010110
1111100000111001
1111010001001011
1111000010101110
1110110100101111
1110100101111001
1110010101101110
1110000101001000
1101110101110100
1101101000111110
1101011110011001
1101010100110001
1101001010111101
1101000000111111
1100111000001100
1100110010000010
1100101110111001
1100101101101110
1100101100111001
1100101011100100
1100101010010101
1100101010100010
1100101101000110
1100110001011110
1100110110000011
1100111001011000
1100111011001100
1100111100100100
1100111110110000
1101000001111110
1101000101001001
1101000110101010
1101000101101010
1101000010101101
1100111111001110
1100111100001110
1100111001011110
1100110101101110
1100101111110010
1100100111101001
1100011110100010
1100010110000000
1100001110101101
1100001000000001
1100000000101110
1011111000001011
1011101111000100
1011100110111100
1011100001000011
1011011101011110
1011011011001010
1011011000111100
1011010110101010
1011010101010100
1011010110010110
1011011010011010
1011100000110100
1011101000001000
1011101111010100
1011110110100010
1011111111000000
1100001001101110
1100010110101001
1100100100011010
1100110001011110
1100111101001010
1101001000001001
1101010011101101
1101100000011011
1101101101100111
1101111001101010
1110000011010110
1110001010101111
1110010001000110
1110010111101100
1110011110101110
1110100101000011
1110101001010000
1110101010110101
1110101010110000
1110101010101010
1110101011100110
1110101101001110
1110101110001110
1110101101100110
1110101011101100
1110101010000001
1110101010001100
1110101100100110
1110110000010000
1110110011110011
1110110110110001
1110111010000100
1110111111010100
1111000111011101
1111010010000000
1111011101011110
1111101000100111
1111110011011100
1111111111001010
0000001101000000
0000011101000101
0000101110001000
0000111110011111
0001001101010111
0001011011010010
0001101001100010
0001111000110100
0010001000100011
0010010111001101
0010100011011100
0010101101001010
0010110101011010
0010111101011111
0011000101101011
0011001101000010
0011010010001011
0011010100011100
0011010100100000
0011010011110110
0011010011100110
0011010011101001
0011010010111010
0011010000010111
0011001100000010
0011000111001010
0011000011010100
0011000001001011
0011000000001011
0010111111000011
0010111101000110
0010111010110111
0010111001110101
0010111011001011
0010111110110111
0011000011101101
0011001000010110
0011001100011011
0011010000110101
0011010110111010
0011011111001100
0011101000110110
0011110010010000
0011111010001101
0100000000110110
0100000111011000
0100001110110111
0100010111001001
0100011110110100
0100100100010001
0100100110111101
0100100111101110
0100100111111111
0100101000011110
0100101000011101
0100100110011011
0100100001010011
0100011001011101
0100010000011001
0100000111100010
0011111111000110
0011110101111111
0011101010111011
0011011101101010
0011001111010101
0011000001101100
0010110101101110
0010101011000000
0010100000001011
0010010100011000
0010001000000000
0001111100100101
0001110011100000
0001101100111100
0001100111110011
0001100010101010
0001011101000011
0001010111110001
0001010100001111
0001010011001001
0001010011110110
0001010100110010
0001010100101101
0001010011100111
0001010010100011
0001010010101001
0001010011111000
0001010101000101
0001010100101011
0001010001111011
0001001101011011
0001001000011100
0001000011110001
0000111111000000
0000111000110010
0000101111111100
0000100100100001
0000010111101101
0000001010111010
1111111110101000
1111110010001000
1111100100001001
1111010100001000
1111000010110111
1110110001111001
1110100010100001
1110010100101100
1110000111010110
1101111001011001
1101101010110110
1101011100111011
1101010001001101
1101001000010110
1101000001100101
1100111011011111
1100110101001101
1100101111001101
1100101010111001
1100101001010110
1100101010010111
1100101100100000
1100101110001110
1100101111000111
1100110000000101
1100110010011101
1100110110101010
1100111011101100
1100111111110110
1101000001111110
1101000010011000
1101000010011001
1101000011000111
1101000100011000
1101000100110001
1101000010110101
1100111110010011
1100111000010000
1100110010010000
1100101101000011
1100100111111110
1100100001100111
1100011001001100
1100001111010010
1100000101100001
1011111101010010
1011110110101111
1011110000110110
1011101010011001
1011100011010000
1011011100100011
1011010111111011
1011010110001001
1011010110101011
1011011000000111
1011011001100100
1011011011010011
1011011110101001
1011100100101111
1011101101100101
1011110111111100
1100000010010110
1100001100001011
1100010110000110
1100100001010101
1100101110011110
1100111100110010
1101001010101111
1101010111000011
1101100001101101
1101101011101101
1101110110001100
1110000001010001
1110001011110110
1110010100011110
1110011010011101
1110011110011111
1110100010000000
1110100101111111
1110101010001001
1110101101010000
1110101110001110
1110101101001010
1110101011011100
1110101010100111
1110101011010000
1110101100101001
1110101101011110
1110101101001011
1110101100100010
1110101101001100
1110110000011000
1110110101111011
1110111100100010
1111000010111110
1111001001001010
1111010000010010
1111011001110100
1111100110001010
1111110100010011
0000000010100101
0000010000000010
0000011101000111
0000101011001001
0000111011000100
0001001100011011
0001011101101000
0001101101001000
0001111010100101
0010000111000000
0010010011101011
0010100000111110
0010101101110110
0010111000101010
0011000000100000
0011000101111010
0011001010010011
0011001110110101
0011010011010101
0011010110100100
0011010111010011
0011010101100000
0011010010011010
0011001111100101
0011001101110010
0011001100011000
0011001010001001
0011000110011000
0011000001101111
0010111101110000
0010111011101100
0010111011101010
0010111100100101
0010111101001110
0010111101011000
0010111110000000
0011000000100000
0011000101100001
0011001100011000
0011010011101000
0011011010001010
0011100000001000
0011100110101010
0011101110110001
0011111000011010
0100000010010010
0100001010110101
0100010001011001
0100010110100100
0100011011100110
0100100001001010
0100100110101000
0100101010011110
0100101011011111
0100101001101101
0100100110010111
0100100010110010
0100011111010000
0100011010110001
0100010011111101
0100001010010010
0011111110101010
0011110010101111
0011100111101010
0011011101001100
0011010010000100
0011000101010010
0010110111000101
0010101000111101
0010011100100000
0010010010001111
0010001001001111
0010000000000111
0001110110010011
0001101100100111
0001100100101000
0001011111011001
0001011100011110
0001011010011000
0001010111110001
0001010100100101
0001010001111110
0001010001001110
0001010010100000
0001010100101001
0001010101111010
0001010101011101
0001010011110000
0001010010001001
0001010001011100
0001010001001001
0001001111101111
0001001011110111
0001000101011001
0000111101011101
0000110101011001
0000101101100110
0000100101001101
0000011010110101
0000001101110100
1111111110110110
1111101111011110
1111100000110111
1111010011000001
1111000100110110
1110110101010100
1110100100011101
1110010011100000
1110000100000010
1101110110110001
1101101011001001
1101011111111011
1101010100010110
1101001000111101
1100111111000111
1100111000000011
1100110011101110
1100110000111110
1100101110011010
1100101011100111
1100101001011011
1100101001001001
1100101011010100
1100101111001010
1100110011000100
1100110101110101
1100110111100010
1100111001010011
1100111100001110
1101000000001111
1101000100000010
1101000110000010
1101000101100110
